00000000000000110010000100110111
01010111110000000000000010010011
00000000000100010000000100110011
00000000000000000000000110010011
00000000000000000000001010010011
00111110100000000000001100010011
01000100110000110000001100010011
00000000000100000000010000010011
00000000111100000000001000010011
00000010000000000000001110010011
01000000100000111000001110110011
00000000000000111000010001100011
11111110000100001000110011100011
00000000000000010010001000000011
00000000010000011010000000100011
00000000010000011000000110010011
00000000000100101000001010010011
00000000010100110000010001100011
11111100000100001000111011100011
00000000000000000000000001100011
